0 357 558 217
1 1608 657 349
2 412 558 1146
3 558 558 943
4 826 230 657
5 82 558 1319
6 821 289 1514
7 558 558 1171
8 945 558 1199
9 710 524 1548
10 190 558 220
11 38 1247 657
12 1248 189 558
13 1248 558 155
14 943 558 346
15 1140 148 657
16 1540 508 558
17 710 32 1082
18 710 1451 212
19 1247 558 534
20 943 1162 272
21 943 983 418
22 248 1615 468
23 248 472 395
24 710 1495 348
25 1096 1100 558
26 1096 558 1660
27 1096 855 657
28 1503 558 744
29 44 1616 558
30 78 651 375
31 78 558 65
32 710 928 1378
33 710 1309 74
34 943 518 115
35 32 558 31
36 943 1405 657
37 943 973 1603
38 347 510 558
39 710 1667 883
40 706 1456 558
41 1174 307 558
42 1622 558 409
43 192 25 558
44 1490 558 606
45 943 1148 767
46 549 1150 1248
47 549 1287 1332
48 549 1680 1188
49 549 1142 1405
50 353 794 558
51 353 794 558
52 593 558 1700
53 549 1167 54
54 600 613 1362
55 549 530 166
56 549 1627 1336
57 948 558 1400
58 264 1092 480
59 1582 632 558
60 584 558 923
61 1003 274 136
62 1003 860 558
63 943 1347 1527
64 68 558 331
65 558 945 558
66 1457 1644 1495
67 1485 1066 558
68 1485 558 1066
69 1485 1066 558
70 1077 558 1622
71 1077 667 558
72 325 115 1336
73 710 920 785
74 1318 748 558
75 362 304 657
76 127 421 657
77 325 989 1405
78 53 558 790
79 763 558 1068
80 1088 558 147
81 1088 558 1463
82 1042 1370 493
83 1042 1473 1421
84 943 513 443
85 943 1673 1646
86 943 490 1516
87 311 856 558
88 311 835 558
89 783 558 1158
90 783 558 1704
91 783 558 1253
92 381 230 558
93 381 230 558
94 381 230 558
95 381 558 230
96 381 230 558
97 381 558 230
98 381 230 558
99 152 558 1343
100 555 371 558
101 810 558 207
102 819 501 558
103 1148 1138 558
104 963 657 672
105 967 202 558
106 1691 972 558
107 1342 1563 558
108 786 844 558
109 422 657 1296
110 422 1346 558
111 422 359 558
112 984 1680 558
113 1410 558 365
114 403 558 1145
115 527 746 558
116 1610 972 1372
117 710 653 1497
118 429 489 558
119 467 558 10
120 460 692 558
121 536 558 1647
122 917 1358 558
123 821 429 514
124 744 558 1268
125 710 430 1570
126 943 1179 393
127 1700 998 1188
128 1700 1389 1287
129 1369 558 1462
130 1369 657 438
131 925 558 816
132 1700 721 1001
133 1700 618 1336
134 818 1043 558
135 818 657 414
136 1700 3 1405
137 270 1426 558
138 1678 477 1559
139 1678 558 1632
140 710 1590 1083
141 589 558 1017
142 710 1424 1066
143 1420 1455 558
144 1420 397 558
145 493 789 558
146 640 884 558
147 1108 558 624
148 154 558 75
149 154 657 129
150 787 558 605
151 1247 558 325
152 1582 604 558
153 1670 1010 558
154 798 82 657
155 798 82 657
156 453 1264 558
157 28 567 558
158 121 558 1548
159 285 1225 558
160 1134 558 70
161 706 1366 558
162 272 952 558
163 715 426 558
164 715 914 558
165 761 711 739
166 1296 657 399
167 1453 657 373
168 1312 558 264
169 646 558 812
170 943 1513 210
171 379 1500 1706
172 379 558 1345
173 813 1101 1508
174 4 558 11
175 819 1380 558
176 714 214 657
177 43 818 558
178 1520 558 1107
179 1002 558 1130
180 943 779 805
181 710 1141 101
182 943 408 1308
183 1581 1480 379
184 347 558 191
185 1537 1116 558
186 1537 558 1116
187 1537 1116 558
188 1624 169 558
189 408 938 558
190 1576 1125 558
191 943 1609 1394
192 205 453 558
193 309 558 368
194 1544 405 1172
195 1720 558 373
196 1720 657 612
197 1088 1076 657
198 646 558 773
199 982 558 1141
200 1135 558 1203
201 1135 558 1629
202 1258 558 813
203 248 558 720
204 1045 558 1371
205 999 558 1237
206 999 1237 558
207 999 558 1237
208 999 558 1237
209 999 1237 558
210 999 558 1237
211 999 1237 558
212 943 561 29
213 867 558 876
214 1173 558 1717
215 1146 206 558
216 76 558 1106
217 241 558 1033
218 241 657 1015
219 995 975 886
220 201 558 1371
221 273 558 272
222 846 307 558
223 879 1183 541
224 827 558 380
225 1061 558 124
226 654 332 1403
227 943 1108 657
228 621 558 355
229 1035 558 251
230 1606 188 558
231 41 407 719
232 41 52 87
233 41 1651 1424
234 41 315 1661
235 41 1160 1095
236 41 483 1387
237 41 13 1014
238 41 1539 1147
239 370 558 689
240 805 558 1534
241 943 326 1136
242 943 1117 170
243 710 797 873
244 1382 558 1087
245 960 1178 558
246 977 1628 316
247 977 558 143
248 874 1098 166
249 874 1212 1336
250 874 1532 1188
251 874 1405 1702
252 874 183 1150
253 874 81 1287
254 781 802 558
255 1525 558 406
256 1525 558 555
257 647 427 558
258 1372 1425 558
259 943 242 1648
260 710 931 1674
261 710 1526 1450
262 1273 638 558
263 512 558 154
264 1247 874 558
265 1427 558 1448
266 223 558 1357
267 1219 558 1002
268 1042 1108 687
269 943 604 1477
270 206 367 1082
271 265 818 558
272 1575 558 971
273 105 371 406
274 105 558 555
275 631 558 1323
276 631 657 283
277 544 267 558
278 1482 616 558
279 943 657 1437
280 101 558 1364
281 985 558 844
282 1262 558 1151
283 654 618 1212
284 654 280 1098
285 654 3 1702
286 654 998 1532
287 654 1389 81
288 654 694 183
289 315 558 883
290 1307 558 178
291 281 558 347
292 781 553 558
293 1413 558 1235
294 764 558 1649
295 1212 558 1187
296 710 719 1597
297 1410 558 1605
298 279 455 558
299 943 407 657
300 730 1724 558
301 612 558 175
302 612 558 175
303 612 558 175
304 612 558 175
305 612 175 558
306 612 175 558
307 612 558 175
308 445 558 317
309 445 558 417
310 445 558 417
311 710 127 558
312 445 539 558
313 445 558 539
314 445 539 558
315 445 558 539
316 445 558 539
317 768 287 558
318 1382 1215 558
319 1220 558 547
320 1220 817 558
321 1015 1637 1242
322 1015 1282 872
323 1015 413 401
324 784 558 1464
325 67 558 501
326 1699 558 913
327 447 261 558
328 425 388 558
329 801 564 54
330 347 335 558
331 1602 558 1596
332 182 442 558
333 746 657 798
334 943 261 729
335 710 959 323
336 710 1183 1605
337 1595 1181 793
338 1227 488 558
339 0 182 558
340 1452 861 558
341 575 558 1000
342 1708 558 1055
343 1305 558 921
344 525 800 558
345 525 1331 657
346 1130 80 558
347 1381 558 980
348 328 1133 558
349 328 558 194
350 66 451 558
351 66 451 558
352 66 451 558
353 66 451 558
354 943 558 48
355 943 558 741
356 1341 600 558
357 712 558 300
358 1108 558 1224
359 335 1303 1397
360 253 279 558
361 253 1692 558
362 1129 657 943
363 1333 906 558
364 558 82 558
365 1081 558 605
366 1530 558 1198
367 424 657 248
368 614 558 1178
369 198 248 558
370 198 424 558
371 335 1717 1604
372 437 413 977
373 926 558 1054
374 1700 694 1150
375 869 558 349
376 869 558 349
377 869 349 558
378 869 558 349
379 869 349 558
380 869 349 558
381 869 349 558
382 1076 657 1393
383 1076 657 1393
384 1611 558 641
385 1700 280 166
386 244 558 544
387 1144 757 939
388 248 1456 428
389 248 12 1091
390 248 558 16
391 82 213 558
392 170 558 686
393 601 558 280
394 943 1654 162
395 821 705 1062
396 521 6 558
397 317 657 417
398 203 558 52
399 353 558 1076
400 353 558 1076
401 353 558 1463
402 710 1553 845
403 1109 1358 558
404 650 558 1281
405 427 558 500
406 427 112 1314
407 943 878 462
408 330 807 558
409 1258 558 1716
410 48 584 315
411 48 502 1651
412 48 49 483
413 48 948 1160
414 48 205 1539
415 48 1551 13
416 943 1336 657
417 943 1187 1029
418 1503 558 1383
419 821 1667 92
420 943 1090 1683
421 762 558 1018
422 135 421 558
423 135 421 558
424 135 558 421
425 135 421 558
426 943 1160 657
427 943 1630 657
428 440 366 1012
429 668 1143 558
430 1162 21 558
431 943 474 15
432 1263 1169 54
433 962 558 1035
434 1523 963 558
435 1523 635 657
436 1260 1413 558
437 1260 657 1235
438 220 558 130
439 220 639 657
440 400 558 102
441 400 657 1696
442 834 558 1696
443 834 558 400
444 777 1561 558
445 604 656 558
446 1545 1443 657
447 1246 558 1012
448 1334 558 949
449 1334 558 1406
450 859 977 1108
451 710 402 187
452 358 558 1129
453 358 558 1129
454 943 1717 1113
455 1263 871 1001
456 943 657 52
457 943 568 498
458 1250 138 558
459 1250 990 558
460 1250 1041 657
461 1011 558 1214
462 1655 558 182
463 1136 1356 558
464 378 909 558
465 35 71 558
466 35 654 657
467 554 1180 558
468 554 558 964
469 787 1304 558
470 967 1347 558
471 967 558 104
472 710 571 343
473 943 207 1061
474 980 473 1004
475 89 558 958
476 963 657 672
477 1240 863 558
478 943 164 333
479 174 558 1197
480 781 558 1170
481 670 1417 657
482 994 558 1443
483 994 1443 558
484 994 558 1443
485 994 558 1443
486 994 1443 558
487 994 558 1443
488 994 1443 558
489 1439 558 518
490 654 1435 721
491 13 558 880
492 670 747 558
493 1472 1480 558
494 1587 1294 558
495 1587 558 1083
496 1628 1285 942
497 506 558 877
498 824 1278 1642
499 59 722 1084
500 1396 1347 558
501 1676 558 634
502 1676 86 657
503 943 194 310
504 118 1092 558
505 1176 558 572
506 1336 61 558
507 1100 268 558
508 1100 268 558
509 1100 268 558
510 712 558 383
511 1337 1560 558
512 1603 558 3
513 443 1422 754
514 443 558 755
515 943 496 601
516 1223 225 558
517 1223 657 859
518 337 895 558
519 1225 558 1222
520 710 87 870
521 1015 684 1414
522 1015 1437 606
523 943 844 459
524 175 568 558
525 1517 916 558
526 1015 765 1299
527 1015 1630 314
528 1015 121 331
529 293 1402 57
530 293 207 356
531 293 810 558
532 335 734 1106
533 807 330 558
534 990 1041 558
535 990 138 657
536 1357 558 1575
537 1097 558 1475
538 59 740 1691
539 787 51 29
540 1635 558 203
541 710 1641 237
542 710 724 409
543 1662 1426 845
544 267 558 80
545 206 387 916
546 59 649 1071
547 505 22 1572
548 505 558 193
549 943 1071 495
550 1109 1130 558
551 1417 1163 558
552 1417 558 1163
553 1417 1163 558
554 1417 558 1163
555 1417 1163 558
556 943 718 116
557 1236 165 558
558 8 1584 345
559 1634 558 37
560 1634 558 224
561 10 176 558
562 55 628 558
563 1614 299 1616
564 925 558 335
565 664 558 1697
566 1465 558 1134
567 1459 122 558
568 1459 1030 558
569 772 558 1305
570 772 657 921
571 1098 558 496
572 1079 481 558
573 943 534 558
574 459 625 558
575 43 830 558
576 558 103 558
577 755 566 580
578 1634 520 657
579 732 558 17
580 732 558 1536
581 710 248 1679
582 710 223 1215
583 748 1327 558
584 1078 558 511
585 863 1108 719
586 863 991 87
587 863 1473 1424
588 863 1302 1661
589 863 892 1095
590 863 1503 1387
591 863 833 1014
592 863 493 1147
593 1374 1368 558
594 322 657 1493
595 322 1493 657
596 322 1493 657
597 322 1493 657
598 1536 558 1233
599 1536 558 286
600 1536 558 382
601 1536 558 1173
602 1536 558 1543
603 1536 558 76
604 1536 1658 558
605 1536 245 558
606 1536 985 558
607 1536 558 682
608 1536 558 665
609 1536 558 271
610 1536 558 552
611 1536 1623 558
612 1536 403 558
613 1536 1273 558
614 1536 558 1337
615 1536 558 1355
616 1536 558 787
617 1536 558 575
618 1536 558 257
619 1536 179 558
620 1536 131 558
621 1536 1420 558
622 1536 558 1342
623 1536 558 4
624 1536 558 1396
625 1536 558 167
626 1536 558 303
627 1536 1504 558
628 1536 1721 558
629 1536 1074 558
630 1536 558 1478
631 1536 558 594
632 1536 558 1292
633 1536 558 1114
634 1536 558 1476
635 1536 1226 558
636 1536 1419 558
637 943 573 1491
638 236 558 272
639 587 558 299
640 337 1466 558
641 337 1601 558
642 337 558 1173
643 337 558 1562
644 337 558 1543
645 337 558 1540
646 337 558 245
647 337 985 558
648 337 682 558
649 337 665 558
650 337 558 286
651 337 558 271
652 337 558 370
653 337 558 403
654 337 558 804
655 337 712 558
656 337 546 558
657 337 776 558
658 337 558 257
659 337 558 179
660 337 558 1420
661 337 558 4
662 337 167 558
663 337 303 558
664 337 1504 558
665 337 487 558
666 337 558 579
667 337 558 145
668 337 558 259
669 337 558 517
670 337 352 558
671 337 750 558
672 337 528 558
673 337 691 558
674 337 558 1646
675 337 558 1114
676 337 558 1476
677 337 558 1226
678 337 1665 558
679 337 840 558
680 337 1164 558
681 943 473 848
682 943 614 389
683 1359 558 249
684 943 960 1081
685 248 1154 558
686 248 180 558
687 1202 558 1367
688 1202 558 57
689 307 558 620
690 784 558 256
691 1551 558 278
692 567 171 558
693 567 1026 558
694 567 657 322
695 551 558 8
696 943 1620 1125
697 558 1297 558
698 832 1275 558
699 491 437 558
700 1502 642 558
701 1502 951 558
702 1502 1152 657
703 892 744 558
704 79 911 696
705 943 277 893
706 412 1257 558
707 1714 1189 262
708 1241 177 558
709 833 558 351
710 43 558 1541
711 1529 558 91
712 167 558 11
713 710 854 1395
714 1126 1290 558
715 699 1556 986
716 699 867 558
717 1057 1649 558
718 1070 558 1538
719 1070 1334 558
720 1070 558 200
721 1112 382 558
722 1112 1233 558
723 1112 84 558
724 1112 1543 558
725 1112 76 558
726 1112 1658 558
727 1112 786 558
728 1112 1664 558
729 1112 1482 558
730 1112 286 558
731 1112 271 558
732 1112 370 558
733 1112 552 558
734 1112 1612 558
735 1112 1487 558
736 1112 784 558
737 1112 764 558
738 1112 1057 558
739 1112 1582 558
740 1112 1031 558
741 1112 804 558
742 1112 1311 558
743 1112 1428 558
744 1112 1520 558
745 1112 1259 558
746 1112 857 558
747 1112 712 558
748 1112 1337 558
749 1112 1381 558
750 1112 776 558
751 1112 157 558
752 1112 1324 558
753 1112 179 558
754 1112 131 558
755 1112 4 558
756 1112 1396 558
757 1112 167 558
758 1112 303 558
759 1112 1086 558
760 1112 1074 558
761 1112 487 558
762 1112 579 558
763 1112 0 558
764 1112 1478 558
765 1112 594 558
766 1112 1210 558
767 1112 1557 558
768 1112 259 558
769 1112 1052 558
770 1112 791 558
771 1112 352 558
772 1112 750 558
773 1112 932 558
774 1112 1589 558
775 1112 446 558
776 1112 528 558
777 1112 309 558
778 1112 1430 558
779 1112 1646 558
780 1112 1476 558
781 1112 1226 558
782 1112 1569 558
783 1112 950 558
784 1112 1665 558
785 1112 1710 558
786 1112 1050 558
787 1112 607 558
788 1112 219 558
789 1300 1384 558
790 710 416 1016
791 276 558 1637
792 1544 586 1330
793 1544 586 1330
794 943 1607 318
795 1328 558 1466
796 1328 271 558
797 1328 370 558
798 1328 558 552
799 1328 558 1612
800 1328 558 1487
801 1328 558 784
802 1328 558 244
803 1328 558 1623
804 1328 764 558
805 1328 403 558
806 1328 558 1582
807 1328 558 1031
808 1328 558 804
809 1328 558 1311
810 1328 558 1520
811 1328 558 857
812 1328 712 558
813 1328 558 1381
814 1328 558 546
815 1328 558 776
816 1328 558 157
817 1328 558 1243
818 1328 558 1324
819 1328 131 558
820 1328 1396 558
821 1328 558 303
822 1328 558 1504
823 1328 558 1086
824 1328 558 1074
825 1328 558 1246
826 1328 558 487
827 1328 579 558
828 1328 0 558
829 1328 558 1478
830 1328 558 594
831 1328 558 1557
832 1328 558 259
833 1328 558 1052
834 1328 558 791
835 1328 352 558
836 1328 750 558
837 1328 558 932
838 1328 558 1589
839 1328 558 446
840 1328 558 528
841 1328 558 309
842 1328 558 1430
843 1328 691 558
844 1328 1292 558
845 1328 558 1646
846 1328 558 1114
847 1328 558 1476
848 1328 558 1226
849 1328 558 1569
850 1328 558 1665
851 1328 1050 558
852 1328 558 1174
853 1063 558 1310
854 963 672 657
855 840 558 846
856 1131 558 187
857 243 566 802
858 216 516 558
859 216 1610 558
860 1299 558 1046
861 1107 389 558
862 639 416 107
863 1007 558 1334
864 1673 558 754
865 639 1636 707
866 573 1484 558
867 1241 558 1013
868 1241 558 1217
869 291 558 1157
870 291 657 1564
871 1524 1225 558
872 1721 558 10
873 278 558 1488
874 462 558 1278
875 599 725 558
876 692 441 558
877 692 325 657
878 1259 558 300
879 760 1350 558
880 1473 558 458
881 820 27 558
882 383 917 558
883 622 558 386
884 248 1649 558
885 16 472 1366
886 899 558 850
887 353 558 147
888 353 558 147
889 1385 558 347
890 710 1132 1087
891 248 1180 558
892 943 1373 188
893 817 486 558
894 997 657 963
895 997 1523 558
896 997 635 558
897 225 859 558
898 640 136 558
899 640 860 558
900 155 1021 558
901 155 425 558
902 440 558 1555
903 432 1686 558
904 432 1097 558
905 635 558 672
906 635 672 558
907 635 558 672
908 635 672 558
909 635 558 672
910 635 672 558
911 635 672 558
912 43 558 1534
913 967 1330 558
914 181 721 558
915 943 1225 683
916 726 558 630
917 1195 558 1191
918 1195 1254 657
919 771 1055 558
920 221 251 558
921 221 558 251
922 248 558 372
923 248 1365 1085
924 943 359 92
925 710 626 756
926 710 457 823
927 255 558 741
928 1140 148 657
929 1288 1634 558
930 383 558 1040
931 383 1040 558
932 1637 558 699
933 270 1445 1495
934 1593 558 1552
935 1593 362 657
936 1666 1525 957
937 1666 250 953
938 1666 701 740
939 1666 884 1071
940 1666 308 296
941 1666 1469 277
942 1666 1459 722
943 1666 304 177
944 341 558 256
945 16 1558 428
946 691 252 591
947 558 558 1672
948 439 1053 558
949 156 558 786
950 156 558 1664
951 156 558 1482
952 156 558 1243
953 156 558 822
954 156 1324 558
955 156 558 1646
956 156 1155 558
957 156 558 301
958 156 558 950
959 156 558 1665
960 156 558 1710
961 943 1302 657
962 943 1694 1
963 874 54 1403
964 1120 558 137
965 558 1171 558
966 833 744 558
967 368 218 558
968 623 319 1707
969 623 388 558
970 1578 1368 558
971 1027 558 476
972 1589 368 558
973 1589 104 558
974 153 558 1096
975 440 1352 558
976 440 104 558
977 440 812 558
978 1585 558 962
979 1398 1489 558
980 258 1103 1106
981 979 1347 558
982 370 558 1464
983 955 558 1671
984 1343 911 558
985 790 558 434
986 1054 558 70
987 1543 558 1106
988 1150 320 558
989 283 1108 488
990 775 657 1608
991 775 1423 558
992 775 869 558
993 283 1473 481
994 1164 340 558
995 248 558 1382
996 575 673 1053
997 879 703 927
998 415 931 558
999 88 1375 558
1000 1110 771 558
1001 1506 965 1388
1002 1506 295 558
1003 353 558 7
1004 353 558 7
1005 353 558 466
1006 73 920 558
1007 65 651 558
1008 710 248 902
1009 1384 1182 558
1010 943 1675 895
1011 25 674 558
1012 943 1588 829
1013 943 894 1281
1014 943 369 1075
1015 943 929 1234
1016 688 558 1223
1017 943 1638 1537
1018 110 701 716
1019 510 1716 558
1020 1113 161 558
1021 861 1382 558
1022 1247 558 1068
1023 471 1591 1591
1024 471 558 1591
1025 471 558 1591
1026 471 558 1591
1027 471 558 1591
1028 471 558 1591
1029 471 558 1591
1030 471 558 1591
1031 471 1591 558
1032 353 558 1325
1033 353 558 1325
1034 353 558 769
1035 358 1467 657
1036 710 463 1094
1037 879 1590 1620
1038 645 558 1368
1039 248 558 1275
1040 52 558 1267
1041 710 494 514
1042 954 279 558
1043 954 367 558
1044 236 558 1427
1045 271 558 1464
1046 114 558 1496
1047 943 1251 843
1048 1437 558 1519
1049 710 262 1447
1050 522 558 1196
1051 639 246 153
1052 691 558 790
1053 1182 1601 558
1054 1182 258 558
1055 1182 665 558
1056 1182 764 558
1057 1182 1057 558
1058 1182 1381 558
1059 1182 303 558
1060 1182 285 558
1061 1182 594 558
1062 1182 1052 558
1063 1182 1589 558
1064 1182 309 558
1065 1182 1646 558
1066 1182 904 558
1067 1182 1476 558
1068 1182 950 558
1069 1182 558 607
1070 1182 219 558
1071 943 558 984
1072 943 558 549
1073 943 558 437
1074 943 558 859
1075 943 558 1068
1076 943 558 654
1077 943 874 558
1078 984 558 1167
1079 710 851 792
1080 984 558 1248
1081 984 558 1142
1082 984 558 1627
1083 984 558 530
1084 1052 558 510
1085 1052 558 134
1086 1165 105 558
1087 1165 558 942
1088 37 945 945
1089 37 945 558
1090 37 945 558
1091 37 945 558
1092 37 945 558
1093 37 558 945
1094 37 945 558
1095 37 945 558
1096 37 558 945
1097 8 36 558
1098 8 150 558
1099 570 1030 333
1100 1258 591 558
1101 943 684 657
1102 1259 558 1649
1103 943 1724 448
1104 685 558 1598
1105 1238 558 1060
1106 921 371 957
1107 921 965 250
1108 921 22 740
1109 921 274 1071
1110 921 651 296
1111 921 486 277
1112 921 722 1197
1113 921 304 532
1114 710 1376 1288
1115 1569 558 327
1116 988 640 558
1117 943 34 828
1118 943 657 1188
1119 151 558 2
1120 1326 72 558
1121 710 1339 597
1122 402 558 834
1123 485 436 558
1124 361 809 558
1125 943 442 509
1126 1025 558 564
1127 1320 558 1601
1128 1320 558 382
1129 1320 558 1173
1130 1320 558 1233
1131 1320 1562 558
1132 1320 558 1543
1133 1320 558 76
1134 1320 558 1658
1135 1320 558 1540
1136 1320 558 245
1137 1320 558 985
1138 1320 558 786
1139 1320 1664 558
1140 1320 558 682
1141 1320 558 1482
1142 1320 558 665
1143 1320 558 286
1144 1320 558 324
1145 1320 558 1337
1146 1320 558 1355
1147 1320 558 787
1148 1320 558 257
1149 1320 558 179
1150 1320 558 1420
1151 1320 558 4
1152 1320 558 167
1153 1320 558 145
1154 1320 558 517
1155 1320 558 301
1156 1320 558 950
1157 1320 1710 558
1158 1320 1419 558
1159 1320 558 1164
1160 1068 977 624
1161 236 558 79
1162 1023 1003 558
1163 1023 1425 924
1164 1068 1645 478
1165 1068 704 458
1166 811 753 558
1167 811 753 558
1168 519 558 127
1169 519 135 657
1170 1360 1575 558
1171 1155 558 252
1172 1628 1348 558
1173 16 1703 468
1174 1074 366 558
1175 1063 308 1583
1176 1513 558 234
1177 946 558 384
1178 1653 558 128
1179 773 275 558
1180 376 66 558
1181 376 558 842
1182 376 1479 657
1183 943 98 1709
1184 686 558 1282
1185 710 562 645
1186 467 1705 558
1187 1392 297 346
1188 1392 558 284
1189 526 558 1227
1190 552 558 1464
1191 1425 558 78
1192 1425 1310 142
1193 117 558 1617
1194 92 422 558
1195 991 558 744
1196 1294 851 558
1197 943 197 944
1198 1658 558 1106
1199 710 1684 1418
1200 516 388 558
1201 1221 1566 558
1202 812 558 1044
1203 943 1352 1131
1204 1355 558 1560
1205 710 1375 95
1206 710 1089 1529
1207 844 454 946
1208 129 331 1336
1209 129 314 166
1210 129 1405 606
1211 129 1414 1188
1212 352 1391 558
1213 352 1352 558
1214 943 820 1657
1215 553 511 845
1216 1272 558 608
1217 413 558 123
1218 1142 558 185
1219 1142 558 404
1220 43 21 558
1221 1449 558 944
1222 1675 337 558
1223 16 363 1091
1224 1233 558 1717
1225 384 885 558
1226 384 550 558
1227 943 176 598
1228 943 1592 1653
1229 943 558 891
1230 702 558 1562
1231 702 1543 558
1232 702 76 558
1233 702 1540 558
1234 702 245 558
1235 702 985 558
1236 702 786 558
1237 702 682 558
1238 702 244 558
1239 702 324 558
1240 702 558 1466
1241 702 546 558
1242 702 1324 558
1243 702 179 558
1244 702 1396 558
1245 702 167 558
1246 702 1074 558
1247 702 1246 558
1248 702 53 558
1249 702 691 558
1250 702 1665 558
1251 248 558 191
1252 778 558 1275
1253 31 687 558
1254 444 657 42
1255 1228 1196 558
1256 1140 148 657
1257 943 67 1036
1258 1632 1236 558
1259 1632 1220 558
1260 163 1498 558
1261 163 903 558
1262 1620 1576 558
1263 943 1011 862
1264 710 1687 222
1265 710 299 1625
1266 943 1008 169
1267 1321 1714 558
1268 1244 1103 558
1269 1433 620 558
1270 710 254 1353
1271 943 340 1283
1272 681 433 1023
1273 1446 430 206
1274 1010 311 558
1275 1010 1334 558
1276 1047 558 534
1277 796 35 558
1278 1262 1407 933
1279 943 296 1490
1280 667 558 928
1281 284 891 1032
1282 292 1070 558
1283 26 60 558
1284 26 1512 558
1285 26 1173 558
1286 26 258 558
1287 26 245 558
1288 26 682 558
1289 26 492 558
1290 26 1204 558
1291 26 558 58
1292 26 342 558
1293 26 257 558
1294 26 354 558
1295 26 1168 558
1296 26 1721 558
1297 26 1239 558
1298 26 558 461
1299 26 447 558
1300 26 660 558
1301 26 1292 558
1302 26 1114 558
1303 26 904 558
1304 26 558 1419
1305 26 281 558
1306 26 1164 558
1307 1651 558 168
1308 437 1242 704
1309 943 889 1104
1310 991 1474 558
1311 1247 48 558
1312 1247 1331 558
1313 456 1039 558
1314 647 939 558
1315 943 825 138
1316 1036 717 558
1317 1672 558 1650
1318 509 1270 558
1319 653 558 390
1320 179 558 1455
1321 862 1365 558
1322 866 657 9
1323 1055 1560 558
1324 1038 269 558
1325 1622 558 1019
1326 1622 1294 558
1327 1484 558 1491
1328 882 558 1374
1329 725 306 558
1330 1448 1619 558
1331 943 831 858
1332 1511 1598 262
1333 1042 1444 991
1334 172 1633 558
1335 172 210 657
1336 1357 678 558
1337 1302 558 1600
1338 1186 98 1150
1339 1533 558 964
1340 331 149 558
1341 984 558 1522
1342 1715 558 1399
1343 1715 558 1399
1344 1715 1105 657
1345 677 726 558
1346 989 565 558
1347 1022 558 329
1348 689 558 1465
1349 943 396 796
1350 943 153 1100
1351 1442 793 558
1352 1380 558 109
1353 967 558 405
1354 1693 1312 558
1355 1601 1604 558
1356 1601 558 1397
1357 1247 558 1698
1358 558 558 175
1359 269 1030 333
1360 603 1721 558
1361 235 1483 336
1362 235 558 1084
1363 149 970 558
1364 149 558 762
1365 892 558 478
1366 295 965 558
1367 791 273 558
1368 791 677 558
1369 116 1597 558
1370 116 558 1597
1371 116 1597 558
1372 1683 558 966
1373 441 325 558
1374 1109 558 1649
1375 627 558 318
1376 538 330 881
1377 43 558 1223
1378 282 874 558
1379 33 558 1301
1380 853 1517 558
1381 425 1388 558
1382 425 295 558
1383 876 1584 558
1384 283 1458 833
1385 1356 326 558
1386 1318 637 558
1387 1691 516 558
1388 394 558 401
1389 1415 558 471
1390 1415 558 466
1391 710 1290 698
1392 943 111 955
1393 943 62 1690
1394 943 374 1669
1395 675 888 558
1396 675 888 558
1397 697 558 872
1398 1239 636 558
1399 792 732 106
1400 1005 558 93
1401 978 419 558
1402 1328 558 1320
1403 1304 558 1688
1404 828 558 998
1405 248 1145 558
1406 248 604 558
1407 710 533 599
1408 1064 558 694
1409 321 558 849
1410 321 657 247
1411 1228 384 558
1412 1228 384 558
1413 1377 385 558
1414 1177 558 1614
1415 857 558 300
1416 353 558 520
1417 353 558 520
1418 353 558 224
1419 194 60 558
1420 194 1512 558
1421 194 84 558
1422 194 558 1623
1423 194 558 403
1424 194 558 1428
1425 194 558 492
1426 194 558 1204
1427 194 1259 558
1428 194 558 342
1429 194 558 1355
1430 194 558 787
1431 194 558 575
1432 194 1243 558
1433 194 822 558
1434 194 1420 558
1435 194 558 1342
1436 194 558 1504
1437 194 1168 558
1438 194 145 558
1439 194 1524 558
1440 194 1210 558
1441 194 461 558
1442 194 558 1155
1443 194 558 301
1444 194 558 1385
1445 558 558 650
1446 759 558 944
1447 879 1300 343
1448 1006 558 664
1449 710 675 330
1450 353 612 558
1451 353 612 558
1452 943 14 294
1453 943 586 832
1454 1567 558 60
1455 1567 558 1487
1456 1567 558 1031
1457 1567 1428 558
1458 1567 558 58
1459 1567 558 342
1460 1567 1381 558
1461 1567 558 579
1462 1567 558 120
1463 1567 558 677
1464 1567 558 447
1465 1567 558 660
1466 1567 558 1430
1467 1567 904 558
1468 1567 558 607
1469 1682 613 150
1470 91 558 1256
1471 91 657 574
1472 339 558 543
1473 595 239 558
1474 595 992 558
1475 1247 558 859
1476 943 676 907
1477 17 657 1536
1478 17 558 646
1479 1114 558 889
1480 1226 327 558
1481 1564 684 1661
1482 1564 1437 1095
1483 1564 1282 87
1484 1564 1242 1424
1485 1564 413 719
1486 320 1322 558
1487 320 735 558
1488 353 558 471
1489 353 558 471
1490 354 558 595
1491 444 643 558
1492 444 1613 558
1493 943 1431 1134
1494 1478 558 256
1495 1313 924 558
1496 1105 558 710
1497 1105 558 710
1498 1105 710 558
1499 1105 558 710
1500 1105 710 558
1501 1488 558 545
1502 1488 558 1547
1503 45 558 815
1504 647 558 570
1505 801 1491 1287
1506 470 467 558
1507 943 146 737
1508 801 1188 1531
1509 885 513 558
1510 353 558 37
1511 353 558 37
1512 96 350 313
1513 96 649 558
1514 288 558 798
1515 288 657 794
1516 1429 826 657
1517 43 625 558
1518 1532 558 34
1519 751 558 652
1520 1677 558 475
1521 1677 657 999
1522 943 865 958
1523 1186 1405 85
1524 1186 1648 1188
1525 1186 1 1287
1526 582 558 1067
1527 582 821 657
1528 1186 1336 448
1529 1186 589 166
1530 1629 558 263
1531 707 558 1502
1532 71 558 654
1533 1186 777 1001
1534 858 1719 558
1535 60 1717 558
1536 520 657 945
1537 520 657 945
1538 1104 253 558
1539 1552 362 558
1540 892 797 558
1541 644 678 558
1542 975 854 558
1543 1084 558 803
1544 1084 1314 558
1545 1205 1454 1494
1546 1205 260 558
1547 943 1689 982
1548 943 1001 657
1549 943 522 88
1550 1386 484 914
1551 31 307 558
1552 1287 1580 558
1553 1287 1580 558
1554 86 435 558
1555 86 558 435
1556 86 558 435
1557 86 558 435
1558 710 1624 248
1559 286 616 558
1560 803 482 558
1561 210 558 736
1562 210 558 736
1563 210 558 736
1564 210 558 736
1565 294 959 558
1566 128 558 1592
1567 353 558 42
1568 353 558 42
1569 353 558 1613
1570 910 558 1165
1571 943 658 989
1572 673 1304 558
1573 15 39 558
1574 710 1514 880
1575 708 549 558
1576 943 305 1531
1577 480 202 629
1578 710 472 1606
1579 943 44 90
1580 683 558 229
1581 1154 1380 558
1582 904 558 347
1583 943 559 608
1584 353 558 373
1585 353 558 373
1586 353 558 1720
1587 943 54 657
1588 943 722 68
1589 409 558 302
1590 362 841 957
1591 362 250 681
1592 362 350 740
1593 362 1071 1063
1594 362 296 477
1595 362 277 336
1596 362 722 1318
1597 943 469 875
1598 1664 844 558
1599 325 573 1287
1600 613 1656 450
1601 613 558 1159
1602 943 657 493
1603 943 1481 1452
1604 943 560 808
1605 572 1517 558
1606 693 1348 1525
1607 139 169 558
1608 334 558 1421
1609 353 643 558
1610 353 643 558
1611 248 46 558
1612 1137 558 1185
1613 560 558 412
1614 860 274 558
1615 943 436 85
1616 943 896 1284
1617 1716 558 180
1618 1349 588 558
1619 1045 558 1370
1620 943 1321 132
1621 943 1254 1307
1622 550 1347 558
1623 790 1137 816
1624 943 250 697
1625 639 825 864
1626 175 558 1588
1627 747 558 1417
1628 1460 558 1309
1629 1174 201 558
1630 353 558 798
1631 353 558 798
1632 353 558 288
1633 943 558 525
1634 943 558 628
1635 1111 1470 558
1636 1111 558 1614
1637 1680 313 558
1638 1680 649 558
1639 956 984 558
1640 1521 558 242
1641 325 1148 1150
1642 440 137 504
1643 1382 1649 558
1644 1382 300 558
1645 90 1433 558
1646 120 558 256
1647 1645 1063 185
1648 1645 404 558
1649 1258 558 1352
1650 987 558 1169
1651 95 558 531
1652 943 31 1051
1653 710 1368 1149
1654 1453 612 558
1655 1453 1720 558
1656 126 558 113
1657 750 1391 558
1658 640 558 1610
1659 1217 558 532
1660 43 476 558
1661 453 558 1213
1662 1371 620 558
1663 439 51 558
1664 1553 558 334
1665 1002 558 605
1666 1002 558 605
1667 1477 1541 558
1668 1428 558 1107
1669 1428 558 604
1670 558 558 89
1671 646 558 272
1672 1174 558 1293
1673 131 558 1455
1674 800 1331 558
1675 1247 558 741
1676 1564 121 1014
1677 1564 1630 1387
1678 943 1037 266
1679 42 657 650
1680 42 657 650
1681 1702 558 973
1682 1471 558 1119
1683 943 1586 621
1684 710 577 1046
1685 476 558 956
1686 476 984 657
1687 1562 1244 558
1688 1562 1351 558
1689 1503 961 558
1690 710 1093 226
1691 245 1358 558
1692 671 14 558
1693 1124 558 1662
1694 1269 558 1401
1695 1269 558 1249
1696 821 668 1451
1697 226 1593 558
1698 543 196 558
1699 543 657 1468
1700 1708 558 236
1701 475 1237 657
1702 1350 827 558
1703 710 827 1472
1704 710 1275 1581
1705 1626 558 1133
1706 1626 558 702
1707 821 1128 1353
1708 1086 558 1037
1709 1399 558 1105
1710 319 558 972
1711 936 558 425
1712 1325 657 1005
1713 1325 1005 657
1714 43 558 611
1715 245 558 1106
1716 710 50 1350
1717 600 36 558
1718 1721 558 1048
1719 710 1636 935
1720 1394 503 558
1721 1468 1630 280
1722 1468 1437 3
1723 1468 684 998
1724 1468 1242 1389
1725 1408 1004 558
1726 1662 553 558
1727 1468 721 1299
1728 862 1347 558
1729 107 558 376
1730 236 182 1151
1731 124 558 141
1732 710 1528 1215
1733 710 1161 109
1734 1401 626 1198
1735 529 558 391
1736 529 558 391
1737 529 558 391
1738 770 558 19
1739 943 1150 657
1740 943 182 265
1741 943 897 1211
1742 446 368 558
1743 1165 558 1354
1744 1214 558 879
1745 966 1635 558
1746 966 657 203
1747 559 770 558
1748 1596 1271 558
1749 1596 657 140
1750 943 657 1242
1751 943 1402 114
1752 710 1014 1116
1753 1600 1546 1495
1754 31 1044 558
1755 905 558 979
1756 1533 156 558
1757 373 657 175
1758 373 657 175
1759 1175 558 267
1760 943 1473 657
1761 597 882 558
1762 761 1056 558
1763 78 695 619
1764 78 558 1179
1765 943 674 745
1766 943 1130 512
1767 943 1102 1099
1768 1241 269 558
1769 353 558 298
1770 353 558 298
1771 353 558 23
1772 600 1279 558
1773 161 558 969
1774 161 657 801
1775 641 715 558
1776 641 1704 558
1777 1247 558 654
1778 804 558 604
1779 325 615 166
1780 1577 558 1042
1781 1043 558 414
1782 325 843 1001
1783 1218 1257 558
1784 894 1587 558
1785 1393 558 490
1786 344 1073 557
1787 826 657 230
1788 344 20 585
1789 344 558 1316
1790 943 73 934
1791 248 1465 558
1792 1501 1349 558
1793 1501 1349 558
1794 1501 558 1349
1795 1501 1349 558
1796 943 1049 160
1797 477 647 558
1798 1149 558 264
1799 1565 558 1218
1800 1565 558 1218
1801 710 248 1276
1802 943 1713 501
1803 971 1512 558
1804 971 258 558
1805 971 84 558
1806 971 788 558
1807 971 1057 558
1808 971 204 558
1809 971 1582 558
1810 971 1204 558
1811 971 712 558
1812 971 157 558
1813 971 1086 558
1814 971 487 558
1815 971 1239 558
1816 971 285 558
1817 971 1524 558
1818 971 273 558
1819 971 750 558
1820 971 932 558
1821 971 309 558
1822 971 219 558
1823 710 1360 1091
1824 84 558 1106
1825 1679 558 1262
1826 943 1438 504
1827 943 1228 1574
1828 843 558 1640
1829 943 119 702
1830 328 1006 558
1831 879 237 119
1832 879 724 310
1833 710 248 1272
1834 503 558 270
1835 833 1684 558
1836 0 558 256
1837 335 508 1303
1838 1669 1460 558
1839 704 681 452
1840 704 1691 558
1841 534 54 737
1842 534 1009 1234
1843 534 978 450
1844 534 1475 162
1845 534 1405 727
1846 534 263 858
1847 534 679 1136
1848 534 1494 1653
1849 251 558 1028
1850 251 353 558
1851 251 353 558
1852 251 558 353
1853 251 558 353
1854 1708 19 558
1855 1060 54 1108
1856 1060 1150 991
1857 1060 1473 1287
1858 1060 1188 1302
1859 1060 892 1405
1860 1060 1503 166
1861 1060 833 1336
1862 1060 1001 493
1863 943 1065 1124
1864 1571 1144 558
1865 1194 558 439
1866 848 558 1178
1867 943 824 398
1868 1465 728 558
1869 388 972 1372
1870 825 558 1250
1871 943 558 742
1872 616 558 454
1873 1419 558 774
1874 390 1258 558
1875 1418 1415 558
1876 1564 1147 1299
1877 620 558 922
1878 620 1115 558
1879 1295 558 1238
1880 1295 657 1060
1881 943 1209 663
1882 710 1181 69
1883 943 28 171
1884 1247 437 558
1885 1710 252 558
1886 799 1339 558
1887 643 558 650
1888 643 558 650
1889 643 558 650
1890 643 650 558
1891 643 650 558
1892 643 558 650
1893 643 558 650
1894 102 657 1156
1895 102 657 1156
1896 102 657 1156
1897 102 657 1156
1898 102 657 1156
1899 102 657 1156
1900 102 657 1156
1901 1314 558 592
1902 1314 1327 1617
1903 1083 302 558
1904 1083 1019 558
1905 1200 558 648
1906 1435 548 558
1907 1020 1277 558
1908 1436 1723 558
1909 1436 558 1614
1910 1184 1631 903
1911 943 1651 657
1912 372 1085 1172
1913 248 912 1290
1914 273 558 773
1915 964 558 17
1916 964 558 1536
1917 663 558 535
1918 470 1286 558
1919 127 135 558
1920 872 558 901
1921 1245 299 1723
1922 1152 1340 657
1923 1152 1340 657
1924 1152 657 1340
1925 1152 657 1340
1926 1152 1340 657
1927 1560 1081 558
1928 1609 1329 558
1929 1450 1499 558
1930 926 558 1712
1931 1170 661 566
1932 943 1326 1073
1933 466 558 7
1934 466 657 471
1935 1258 384 558
1936 193 22 558
1937 289 997 558
1938 943 1358 521
1939 318 558 1444
1940 1545 1443 657
1941 710 644 428
1942 1171 558 519
1943 1574 1089 558
1944 776 558 1219
1945 305 184 558
1946 1411 1079 558
1947 849 558 247
1948 862 1211 558
1949 94 558 1024
1950 933 558 877
1951 523 1657 1406
1952 523 875 1659
1953 523 558 743
1954 1646 558 513
1955 1230 708 558
1956 1230 657 549
1957 59 304 1398
1958 59 143 957
1959 947 558 1654
1960 377 558 232
1961 1468 413 332
1962 758 1622 558
1963 81 558 1190
1964 943 1300 1182
1965 270 922 1544
1966 270 1115 558
1967 1691 558 110
1968 1691 558 1023
1969 868 723 558
1970 746 794 558
1971 746 288 558
1972 546 1681 558
1973 43 1270 558
1974 1247 898 558
1975 119 558 1626
1976 500 1390 1197
1977 500 558 174
1978 188 690 558
1979 1303 782 1040
1980 1160 212 558
1981 449 558 819
1982 1302 457 558
1983 1033 558 1015
1984 414 1611 1299
1985 325 305 1188
1986 943 11 55
1987 1274 558 1069
1988 710 913 1274
1989 1311 558 604
1990 23 558 298
1991 23 657 1501
1992 968 1093 558
1993 943 1705 1020
1994 199 558 781
1995 199 558 1422
1996 334 558 118
1997 700 619 558
1998 157 558 1090
1999 1129 558 1467
2000 1633 657 736
2001 1633 657 736
2002 1633 657 736
2003 1633 657 736
2004 1633 657 736
2005 901 1556 558
2006 901 867 558
2007 647 1220 558
2008 1067 821 558
2009 943 541 1320
2010 710 1409 916
2011 666 558 862
2012 1323 283 558
2013 535 558 1206
2014 1185 1215 558
2015 201 1433 558
2016 493 1200 558
2017 493 558 744
2018 636 558 967
2019 855 268 657
2020 855 268 657
2021 855 268 657
2022 855 268 657
2023 855 268 657
2024 248 558 1343
2025 646 202 558
2026 943 558 881
2027 1056 1080 739
2028 943 1539 657
2029 878 631 558
2030 916 558 1185
2031 967 558 272
2032 943 80 1333
2033 1671 571 558
2034 1671 558 302
2035 1671 1019 558
2036 1671 558 1294
2037 1516 1306 558
2038 1516 558 1306
2039 1516 1306 558
2040 196 558 1468
2041 271 558 1058
2042 710 1039 24
2043 857 558 1649
2044 857 558 1377
2045 943 1101 190
2046 164 412 558
2047 943 993 20
2048 0 726 558
2049 1455 1412 558
2050 1346 558 1296
2051 1346 359 657
2052 1324 558 1455
2053 214 765 1001
2054 847 558 104
2055 1243 558 1455
2056 676 558 148
2057 676 148 558
2058 676 558 148
2059 676 148 558
2060 676 558 148
2061 676 558 148
2062 676 558 148
2063 748 558 1241
2064 1296 399 657
2065 785 558 267
2066 1028 353 657
2067 1159 558 450
2068 1431 1578 558
2069 238 1215 558
2070 969 801 558
2071 232 558 585
2072 232 1704 558
2073 232 558 1316
2074 943 1177 1069
2075 1429 1315 558
2076 1429 381 558
2077 943 1442 1045
2078 1481 558 1134
2079 943 728 357
2080 781 558 160
2081 1481 558 912
2082 943 1652 385
2083 558 1005 558
2084 646 470 558
2085 943 1194 99
2086 727 556 558
2087 932 368 558
2088 932 558 1352
2089 1121 291 558
2090 981 558 733
2091 943 107 66
2092 1143 475 657
2093 1143 558 1677
2094 1143 558 999
2095 943 957 394
2096 1285 1506 558
2097 1285 1510 1122
2098 1447 558 1175
2099 1327 808 558
2100 959 1154 558
2101 171 558 1493
2102 171 558 1493
2103 171 558 1493
2104 171 558 1493
2105 345 1475 1686
2106 345 558 1097
2107 1138 558 767
2108 710 1387 240
2109 815 558 1193
2110 1292 558 1065
2111 829 667 558
2112 98 1434 558
2113 1505 830 558
2114 757 1030 558
2115 710 1718 671
2116 192 1130 558
2117 1024 558 1069
2118 943 1231 1176
2119 1062 1429 558
2120 1171 558 358
2121 1222 558 1090
2122 382 558 1717
2123 1186 1216 54
2124 336 1459 482
2125 558 159 558
2126 1579 558 221
2127 1042 1119 892
2128 1591 374 558
2129 1042 439 1302
2130 1042 77 833
2131 507 279 558
2132 507 186 1082
2133 710 961 1266
2134 200 558 1486
2135 200 293 1367
2136 200 558 57
2137 353 1501 558
2138 353 1501 558
2139 943 952 1509
2140 222 97 558
2141 938 1245 558
2142 99 558 1644
2143 108 1666 558
2144 850 1446 558
2145 850 430 558
2146 943 1169 1216
2147 943 588 529
2148 943 483 657
2149 943 121 657
2150 67 558 14
2151 1032 558 297
2152 1534 558 763
2153 1534 1068 657
2154 69 1045 558
2155 36 1009 1322
2156 36 558 735
2157 417 657 539
2158 417 539 657
2159 417 539 657
2160 417 657 539
2161 417 657 539
2162 417 657 539
2163 417 539 657
2164 967 1211 558
2165 967 1211 558
2166 1286 1211 558
2167 690 558 1612
2168 690 558 804
2169 690 1311 558
2170 690 492 558
2171 690 1259 558
2172 690 558 354
2173 690 558 341
2174 690 558 461
2175 690 558 352
2176 690 558 1589
2177 690 1569 558
2178 690 281 558
2179 1399 657 710
2180 398 321 558
2181 43 692 558
2182 1293 620 558
2183 936 1122 558
2184 348 1194 558
2185 350 988 558
2186 743 558 875
2187 743 545 609
2188 743 558 1547
2189 890 558 1694
2190 140 1539 1001
2191 140 1336 13
2192 325 64 54
2193 140 407 54
2194 710 38 558
2195 710 558 1247
2196 1252 882 558
2197 140 1160 1405
2198 140 315 1188
2199 140 1651 1287
2200 761 233 970
2201 761 558 762
2202 1201 558 1372
2203 840 558 1293
2204 115 1439 558
2205 97 558 1072
2206 97 558 769
2207 755 558 1170
2208 834 657 102
2209 75 129 558
2210 142 1571 558
2211 142 427 165
2212 574 1628 957
2213 574 841 250
2214 574 681 740
2215 574 350 1071
2216 574 1063 296
2217 574 277 477
2218 574 336 722
2219 574 304 1318
2220 233 1205 569
2221 943 1282 657
2222 1191 657 887
2223 1191 657 887
2224 1191 657 887
2225 1191 657 887
2226 1499 558 709
2227 1499 657 1201
2228 1549 929 558
2229 943 414 558
2230 943 898 558
2231 31 558 132
2232 918 1583 558
2233 336 558 112
2234 756 1110 558
2235 1331 146 1108
2236 1331 929 991
2237 1331 1618 1473
2238 1331 1654 1302
2239 1331 892 1344
2240 1331 831 1503
2241 1331 326 833
2242 1331 1592 493
2243 369 540 558
2244 1345 1542 1685
2245 1345 1568 558
2246 1649 795 558
2247 710 1180 1533
2248 1403 558 983
2249 1268 558 580
2250 287 657 1545
2251 287 558 1034
2252 287 558 994
2253 219 558 347
2254 140 1150 52
2255 984 558 1332
2256 610 558 582
2257 801 1251 1001
2258 1139 937 558
2259 943 1500 526
2260 801 658 1405
2261 47 603 558
2262 801 518 1336
2263 801 733 166
2264 49 499 558
2265 579 558 824
2266 862 558 445
2267 729 558 1185
2268 710 738 1519
2269 1540 558 734
2270 943 1503 657
2271 50 558 629
2272 943 440 151
2273 660 1716 558
2274 660 1708 558
2275 594 558 256
2276 39 558 208
2277 558 558 1349
2278 943 927 26
2279 628 1335 558
2280 628 657 1698
2281 943 616 460
2282 895 558 1233
2283 895 558 76
2284 895 1658 558
2285 895 558 786
2286 895 558 1664
2287 895 558 1612
2288 895 558 784
2289 895 244 558
2290 895 1623 558
2291 895 558 764
2292 895 1311 558
2293 895 324 558
2294 895 857 558
2295 895 558 1337
2296 895 1355 558
2297 895 787 558
2298 895 558 575
2299 895 558 1381
2300 895 822 558
2301 895 131 558
2302 895 558 1086
2303 895 558 1074
2304 895 558 1246
2305 895 0 558
2306 895 558 594
2307 895 558 1052
2308 895 558 1589
2309 895 558 446
2310 895 309 558
2311 895 53 558
2312 895 1292 558
2313 895 558 1155
2314 895 558 1569
2315 895 558 301
2316 895 558 950
2317 895 558 1710
2318 895 1419 558
2319 681 558 716
2320 283 72 1503
2321 143 693 558
2322 143 1285 558
2323 1031 558 604
2324 943 1455 1505
2325 1566 1240 558
2326 1566 657 863
2327 710 1507 864
2328 1133 996 558
2329 1704 856 919
2330 1704 835 558
2331 581 838 558
2332 397 11 1563
2333 1557 134 558
2334 283 892 208
2335 862 1130 558
2336 943 657 315
2337 943 133 558
2338 943 161 558
2339 418 558 332
2340 943 740 276
2341 1466 558 1000
2342 1257 753 558
2343 1257 711 558
2344 1257 558 569
2345 24 440 558
2346 64 1025 558
2347 58 558 1107
2348 943 795 360
2349 739 679 1554
2350 739 558 479
2351 943 868 1631
2352 0 558 272
2353 298 657 1349
2354 298 657 1349
2355 298 657 1349
2356 298 657 1349
2357 659 558 195
2358 659 195 558
2359 659 195 558
2360 659 195 558
2361 659 558 195
2362 659 195 558
2363 1698 54 146
2364 1698 1150 929
2365 1698 1618 1287
2366 1698 1188 1654
2367 1698 1405 1344
2368 1698 166 831
2369 1698 326 1336
2370 1698 1592 1001
2371 1468 1282 694
2372 943 707 642
2373 780 1722 558
2374 379 558 1704
2375 1125 1512 558
2376 1125 558 382
2377 1125 1173 558
2378 1125 1543 558
2379 1125 76 558
2380 1125 245 558
2381 1125 786 558
2382 1125 1664 558
2383 1125 682 558
2384 1125 1482 558
2385 1125 552 558
2386 1125 1487 558
2387 1125 764 558
2388 1125 1057 558
2389 1125 58 558
2390 1125 1520 558
2391 1125 1381 558
2392 1125 257 558
2393 1125 1324 558
2394 1125 179 558
2395 1125 558 131
2396 1125 4 558
2397 1125 1396 558
2398 1125 167 558
2399 1125 354 558
2400 1125 1086 558
2401 1125 1074 558
2402 1125 558 273
2403 1125 594 558
2404 1125 677 558
2405 1125 447 558
2406 1125 1052 558
2407 1125 558 791
2408 1125 750 558
2409 1125 932 558
2410 1125 1589 558
2411 1125 309 558
2412 1125 1430 558
2413 1125 1292 558
2414 1125 1114 558
2415 1125 1226 558
2416 1125 1006 558
2417 1125 1164 558
2418 1125 950 558
2419 1125 281 558
2420 1125 1665 558
2421 1125 607 558
2422 1125 1419 558
2423 1125 1050 558
2424 1255 59 558
2425 781 1546 558
2426 781 558 1457
2427 897 558 1369
2428 46 1508 558
2429 530 558 1559
2430 530 558 1632
2431 434 558 510
2432 1247 414 558
2433 630 152 558
2434 701 558 1572
2435 701 558 193
2436 335 1352 558
2437 1696 558 1156
2438 1696 1156 558
2439 1696 1156 558
2440 1696 558 1156
2441 1696 1156 558
2442 229 407 558
2443 192 506 558
2444 517 925 558
2445 934 139 558
2446 943 1064 1711
2447 1545 657 1443
2448 754 648 1181
2449 754 1595 558
2450 48 292 52
2451 710 590 1178
2452 1128 558 775
2453 48 1670 407
2454 713 617 558
2455 713 676 558
2456 943 751 1192
2457 489 657 1639
2458 489 558 1153
2459 489 659 558
2460 1018 558 100
2461 1220 1469 558
2462 231 558 778
2463 1430 558 368
2464 877 911 558
2465 877 911 558
2466 300 558 847
2467 133 558 602
2468 133 657 1263
2469 709 1201 558
2470 1216 987 558
2471 318 558 1293
2472 1393 558 1075
2473 1704 558 1007
2474 236 176 558
2475 741 1551 652
2476 741 205 1206
2477 741 948 27
2478 741 49 1301
2479 741 502 1496
2480 741 584 141
2481 741 1670 1722
2482 741 292 209
2483 943 515 1411
2484 665 616 558
2485 203 558 315
2486 203 558 1651
2487 203 558 483
2488 203 558 1160
2489 1228 550 558
2490 203 558 1539
2491 203 558 13
2492 360 1230 558
2493 204 1118 558
2494 1289 632 1058
2495 197 558 198
2496 197 558 198
2497 888 558 1092
2498 879 1675 74
2499 879 1609 1378
2500 270 1692 1082
2501 407 1668 558
2502 487 558 824
2503 1068 1432 583
2504 1068 96 1621
2505 182 1619 558
2506 943 126 1486
2507 788 152 558
2508 974 558 1492
2509 1357 378 558
2510 1161 732 558
2511 1302 558 1621
2512 646 558 182
2513 607 558 347
2514 710 1267 1298
2515 1613 558 42
2516 1613 657 643
2517 901 558 1682
2518 901 558 1362
2519 943 940 378
2520 248 558 187
2521 248 558 1718
2522 1623 558 837
2523 747 1163 657
2524 358 558 1715
2525 438 1437 208
2526 438 72 1630
2527 438 121 1458
2528 438 1647 1299
2529 438 413 488
2530 438 976 1282
2531 438 1242 481
2532 438 723 684
2533 854 975 558
2534 1345 558 1500
2535 943 635 289
2536 1404 558 133
2537 1193 558 1242
2538 833 558 1416
2539 1276 930 558
2540 1276 930 558
2541 1400 558 83
2542 1509 611 558
2543 684 558 1507
2544 839 43 657
2545 943 484 536
2546 43 6 558
2547 1235 1539 1206
2548 1235 13 652
2549 1235 483 1301
2550 1235 1160 27
2551 1235 315 141
2552 1235 1651 1496
2553 1235 52 209
2554 1235 407 1722
2555 1440 605 779
2556 1201 558 700
2557 943 1062 381
2558 710 1129 558
2559 1642 558 1352
2560 1041 211 657
2561 1041 657 211
2562 1041 657 211
2563 1041 657 211
2564 1041 211 657
2565 178 1254 558
2566 178 1195 558
2567 178 657 1191
2568 389 300 558
2569 1541 558 491
2570 1541 437 657
2571 943 558 431
2572 1639 657 195
2573 475 1237 657
2574 353 558 1072
2575 353 558 1072
2576 1008 1189 558
2577 1008 558 1511
2578 410 344 814
2579 410 557 558
2580 308 558 375
2581 308 558 65
2582 943 706 678
2583 561 558 533
2584 410 558 474
2585 1423 558 1608
2586 1423 869 657
2587 710 168 836
2588 1297 1392 558
2589 943 1699 1024
2590 364 558 1232
2591 710 468 18
2592 59 404 296
2593 389 1649 558
2594 1487 558 1464
2595 59 1632 277
2596 18 558 378
2597 1570 1480 379
2598 943 833 657
2599 440 1681 905
2600 943 213 576
2601 943 862 537
2602 710 789 158
2603 1166 1685 558
2604 1166 1568 558
2605 1660 558 855
2606 1660 1100 657
2607 1134 558 1712
2608 1050 1006 558
2609 779 656 1594
2610 297 558 1032
2611 556 558 1344
2612 1689 558 1196
2613 1315 558 826
2614 1265 1202 558
2615 1265 1334 558
2616 943 733 615
2617 1639 657 195
2618 158 63 558
2619 1373 558 1703
2620 1373 558 395
2621 1153 558 1639
2622 1153 659 657
2623 314 761 558
2624 781 558 1550
2625 943 967 1269
2626 1459 558 1390
2627 1459 558 174
2628 1396 558 11
2629 943 199 327
2630 943 252 338
2631 710 187 1579
2632 710 627 566
2633 1247 1186 558
2634 943 306 581
2635 1157 1564 558
2636 562 558 1374
2637 1266 1453 558
2638 1639 195 657
2639 1473 744 558
2640 893 558 314
2641 1473 558 1573
2642 625 662 558
2643 625 657 1186
2644 646 558 1172
2645 1284 558 464
2646 1284 558 464
2647 1284 558 464
2648 1122 558 505
2649 1122 558 433
2650 609 558 1213
2651 97 1325 657
2652 604 558 385
2653 1145 522 558
2654 737 558 5
2655 1512 558 1717
2656 943 554 17
2657 940 558 1615
2658 359 399 558
2659 359 399 558
2660 359 558 399
2661 359 399 558
2662 359 558 399
2663 359 399 558
2664 359 399 558
2665 790 191 558
2666 1204 1107 558
2667 1591 558 1638
2668 821 768 836
2669 206 558 465
2670 528 558 368
2671 1167 316 558
2672 1167 558 143
2673 217 696 558
2674 234 210 558
2675 234 172 558
2676 234 1633 657
2677 419 1618 558
2678 710 43 558
2679 710 558 1247
2680 710 1247 558
2681 162 558 947
2682 991 558 243
2683 859 1535 493
2684 859 235 833
2685 1576 60 558
2686 1576 84 558
2687 1576 271 558
2688 1576 370 558
2689 1576 1612 558
2690 1576 784 558
2691 1576 204 558
2692 1576 804 558
2693 1576 1311 558
2694 1576 1428 558
2695 1576 492 558
2696 1576 1204 558
2697 1576 1259 558
2698 1576 342 558
2699 1576 857 558
2700 1576 712 558
2701 1576 776 558
2702 1576 1168 558
2703 1576 1721 558
2704 1576 487 558
2705 1576 579 558
2706 1576 1239 558
2707 1576 285 558
2708 1576 1524 558
2709 1576 0 558
2710 1576 1478 558
2711 1576 1210 558
2712 1576 461 558
2713 1576 660 558
2714 1576 1557 558
2715 1576 259 558
2716 1576 352 558
2717 1576 446 558
2718 1576 528 558
2719 1576 904 558
2720 1576 1569 558
2721 1576 1710 558
2722 1576 219 558
2723 1576 1385 558
2724 710 1147 391
2725 859 1432 991
2726 859 96 1302
2727 859 1473 704
2728 859 1678 1503
2729 859 1645 892
2730 558 806 558
2731 943 589 578
2732 682 1586 558
2733 943 768 994
2734 1316 1386 426
2735 1316 914 558
2736 943 657 413
2737 943 1229 780
2738 1441 41 558
2739 1535 1318 1695
2740 1535 558 1398
2741 1316 558 20
2742 853 558 387
2743 519 670 558
2744 519 558 670
2745 283 723 1302
2746 283 976 991
2747 283 493 1647
2748 698 558 1481
2749 846 1371 558
2750 1201 333 558
2751 21 228 558
2752 21 657 48
2753 943 1530 1110
2754 1123 765 558
2755 1607 661 558
2756 1652 1178 558
2757 943 1121 1225
2758 1247 549 558
2759 655 783 558
2760 540 227 558
2761 602 1263 558
2762 710 1661 464
2763 611 255 558
2764 611 741 657
2765 248 917 558
2766 954 558 513
2767 1026 558 322
2768 1026 171 657
2769 1051 455 1082
2770 1200 626 1249
2771 943 456 191
2772 822 558 1455
2773 404 918 558
2774 404 142 558
2775 943 558 1331
2776 943 558 1698
2777 842 558 1479
2778 842 657 66
2779 713 657 1140
2780 1409 1231 558
2781 1228 11 558
2782 166 1135 558
2783 1522 1695 558
2784 1522 558 1398
2785 943 364 86
2786 70 1117 558
2787 1211 10 558
2788 637 558 1308
2789 1608 349 657
2790 1599 807 431
2791 1335 558 1698
2792 1665 252 558
2793 1247 558 1263
2794 1314 1308 1489
2795 1314 637 558
2796 596 558 819
2797 565 558 658
2798 1068 1678 1383
2799 1068 235 351
2800 1068 1535 423
2801 1605 1294 558
2802 927 1112 558
2803 958 1449 558
2804 943 871 777
2805 919 1229 835
2806 919 1486 1538
2807 919 558 200
2808 1211 1655 558
2809 1077 558 809
2810 1077 558 1410
2811 710 705 1668
2812 273 1211 558
2813 1492 558 1445
2814 1492 558 1457
2815 266 558 525
2816 1357 558 188
2817 710 246 123
2818 1415 7 657
2819 217 558 413
2820 440 558 813
2821 335 558 1280
2822 1234 1549 558
2823 302 851 558
2824 710 1650 94
2825 943 1602 506
2826 770 558 853
2827 249 163 558
2828 249 1704 558
2829 1 890 558
2830 1329 558 1601
2831 1329 558 382
2832 1329 558 1173
2833 1329 558 1233
2834 1329 558 1543
2835 1329 558 76
2836 1329 558 1540
2837 1329 245 558
2838 1329 558 786
2839 1329 558 1482
2840 1329 558 370
2841 1329 558 552
2842 1329 558 784
2843 1329 558 1623
2844 1329 558 403
2845 1329 1311 558
2846 1329 558 1355
2847 1329 558 257
2848 1329 558 179
2849 1329 558 1086
2850 1329 558 487
2851 1329 558 145
2852 1329 558 1478
2853 1329 1557 558
2854 1329 558 517
2855 1329 558 352
2856 1329 558 750
2857 1329 558 932
2858 1329 558 309
2859 1329 558 1569
2860 1329 558 301
2861 199 558 941
2862 256 25 558
2863 943 633 1059
2864 943 1575 40
2865 61 1554 558
2866 61 558 479
2867 85 485 558
2868 479 679 558
2869 873 1088 558
2870 259 558 134
2871 823 444 558
2872 840 1433 558
2873 1315 657 381
2874 83 949 523
2875 83 558 1406
2876 1220 570 558
2877 943 799 264
2878 943 1693 264
2879 992 46 558
2880 301 558 252
2881 745 558 241
2882 771 558 1446
2883 771 430 465
2884 1184 474 766
2885 1184 558 410
2886 1077 1671 558
2887 1077 558 1460
2888 838 811 558
2889 1112 558 26
2890 113 558 209
2891 710 187 759
2892 1108 1687 558
2893 943 558 1035
2894 541 558 1328
2895 129 872 1150
2896 1283 587 558
2897 129 401 54
2898 902 558 1109
2899 902 558 1109
2900 902 558 1289
2901 830 1047 558
2902 830 534 657
2903 1643 558 766
2904 1643 1704 558
2905 1643 558 410
2906 1077 558 1587
2907 1077 558 540
2908 1044 1408 1000
2909 943 1379 215
2910 986 1279 345
2911 247 1722 1108
2912 247 991 209
2913 247 1473 1496
2914 247 141 1302
2915 247 27 892
2916 247 1301 1503
2917 247 833 652
2918 247 493 1206
2919 943 1128 869
2920 1674 772 558
2921 909 446 558
2922 909 528 558
2923 909 0 558
2924 909 1210 558
2925 909 1385 558
2926 909 370 558
2927 909 784 558
2928 909 776 558
2929 909 1168 558
2930 943 104 1221
2931 943 558 1186
2932 943 1263 558
2933 943 558 325
2934 943 558 801
2935 710 47 420
2936 937 558 1706
2937 937 558 1704
2938 937 558 1345
2939 1132 717 558
2940 710 666 1380
2941 1382 334 558
2942 617 676 657
2943 710 1474 527
2944 630 1705 558
2945 1518 898 558
2946 996 1710 558
2947 996 558 1601
2948 996 558 382
2949 996 558 1173
2950 996 1233 558
2951 996 1658 558
2952 996 1664 558
2953 996 1482 558
2954 996 665 558
2955 996 558 286
2956 996 558 271
2957 996 558 370
2958 996 552 558
2959 996 1612 558
2960 996 1487 558
2961 996 784 558
2962 996 764 558
2963 996 558 1582
2964 996 558 1031
2965 996 558 804
2966 996 1311 558
2967 996 1520 558
2968 996 857 558
2969 996 712 558
2970 996 1337 558
2971 996 558 1381
2972 996 558 776
2973 996 558 157
2974 996 257 558
2975 996 131 558
2976 996 4 558
2977 996 303 558
2978 996 1721 558
2979 996 558 1086
2980 996 558 487
2981 996 558 579
2982 996 1239 558
2983 996 0 558
2984 996 1478 558
2985 996 594 558
2986 996 660 558
2987 996 558 1557
2988 996 558 259
2989 996 558 1052
2990 996 791 558
2991 996 352 558
2992 996 750 558
2993 996 932 558
2994 996 1589 558
2995 996 558 446
2996 996 558 528
2997 996 558 309
2998 996 1430 558
2999 996 1292 558
3000 996 1646 558
3001 996 1114 558
3002 996 1476 558
3003 996 558 1226
3004 996 558 1569
3005 996 558 950
3006 996 1050 558
3007 996 1419 558
3008 996 1164 558
3009 312 995 558
3010 312 854 742
3011 988 1425 558
3012 710 1291 1382
3013 717 558 926
3014 717 558 1087
3015 1034 558 1545
3016 1034 994 657
3017 1690 558 1410
3018 1302 558 744
3019 40 1558 558
3020 40 558 12
3021 1282 558 1016
3022 393 551 558
3023 943 596 1085
3024 943 1175 685
3025 1291 1312 558
3026 592 1013 532
3027 592 558 1217
3028 1021 1510 558
3029 809 365 558
3030 90 558 77
3031 852 1454 558
3032 852 260 558
3033 324 1107 1555
3034 769 558 1325
3035 769 657 1072
3036 900 558 1643
3037 147 1393 1393
3038 147 1393 558
3039 147 1393 558
3040 147 558 1393
3041 147 558 1393
3042 147 558 1393
3043 147 558 1393
3044 147 558 1393
3045 147 558 1393
3046 1473 1376 558
3047 365 558 125
3048 537 363 558
3049 993 731 558
3050 753 263 1203
3051 753 558 1629
3052 926 827 558
3053 943 632 339
3054 1364 558 108
3055 1364 657 1666
3056 425 558 953
3057 1467 943 558
3058 1467 943 558
3059 1467 943 558
3060 1467 558 943
3061 56 558 720
3062 260 558 1494
3063 735 1009 558
3064 1242 935 558
3065 5 558 146
3066 1462 438 558
3067 1115 1544 558
3068 1394 558 1658
3069 1394 558 985
3070 1394 558 1664
3071 1394 558 682
3072 1394 558 665
3073 1394 558 286
3074 1394 558 271
3075 1394 558 1612
3076 1394 558 1487
3077 1394 558 244
3078 1394 558 1520
3079 1394 558 324
3080 1394 558 712
3081 1394 558 787
3082 1394 558 575
3083 1394 558 1466
3084 1394 558 776
3085 1394 558 822
3086 1394 558 131
3087 1394 558 1420
3088 1394 558 4
3089 1394 558 167
3090 1394 558 303
3091 1394 558 1504
3092 1394 558 579
3093 1394 558 0
3094 1394 558 259
3095 1394 558 528
3096 1394 558 1430
3097 1394 558 1646
3098 1394 558 1155
3099 1394 558 1476
3100 1394 558 1226
3101 1394 558 1164
3102 1438 1497 558
3103 1254 887 558
3104 1254 558 887
3105 1254 558 887
3106 1254 558 887
3107 540 302 558
3108 540 558 365
3109 540 1294 558
3110 236 558 506
3111 1580 1656 558
3112 1580 1159 558
3113 1573 845 1550
3114 430 959 558
3115 1263 578 166
3116 1263 1724 1336
3117 1256 558 574
3118 1263 1694 1287
3119 1263 242 1188
3120 1263 436 1405
3121 224 558 520
3122 224 657 37
3123 1719 558 831
3124 1144 558 570
3125 1329 1394 558
3126 248 558 879
3127 1599 558 538
3128 1296 657 399
3129 103 558 1599
3130 943 1391 1577
3131 531 558 1255
3132 531 657 59
3133 63 657 298
3134 943 668 999
3135 821 1298 907
3136 943 1106 1404
3137 498 558 240
3138 498 558 240
3139 498 558 240
3140 1612 558 1464
3141 712 558 1649
3142 801 767 1150
3143 1432 841 189
3144 1432 558 155
3145 662 1186 558
3146 469 558 33
3147 1232 86 558
3148 1232 558 1676
3149 1232 634 657
3150 1434 558 1709
3151 752 558 1389
3152 681 558 216
3153 130 639 558
3154 275 104 558
3155 1019 1515 851
3156 1019 231 558
3157 731 1458 558
3158 248 558 1120
3159 248 1039 2
3160 342 558 300
3161 1398 117 558
3162 1398 558 1241
3163 617 558 1140
3164 1527 1295 558
3165 125 1515 558
3166 1625 558 90
3167 1476 1379 558
3168 1697 275 558
3169 1168 558 595
3170 143 623 558
3171 782 1347 558
3172 366 934 558
3173 898 622 72
3174 898 900 208
3175 898 1611 1647
3176 898 377 1458
3177 898 1022 976
3178 898 1139 488
3179 898 1359 723
3180 898 655 481
3181 140 483 166
3182 1468 618 121
3183 483 558 254
3184 336 558 1038
3185 1542 515 1158
3186 1542 558 1253
3187 1247 984 558
3188 576 558 870
3189 576 558 870
3190 576 558 870
3191 1253 558 515
3192 934 558 160
3193 837 1689 558
3194 590 558 910
3195 1700 332 54
3196 493 558 423
3197 943 974 774
3198 943 934 968
3199 943 1196 415
3200 943 680 1688
3201 1528 106 558
3202 303 558 669
3203 437 121 235
3204 437 1299 1535
3205 1608 349 657
3206 437 1282 1432
3207 437 1437 1645
3208 437 1678 1630
3209 943 1126 1465
3210 437 684 96
3211 943 19 899
3212 725 558 1179
3213 930 1286 558
3214 1005 558 718
3215 558 1591 558
3216 943 1618 978
3217 945 558 111
3218 943 304 1123
3219 650 896 558
3220 1002 1211 558
3221 1416 1470 299
3222 952 152 558
3223 862 558 272
3224 258 1717 1351
3225 1263 1709 1150
3226 669 1228 558
3227 558 1393 558
3228 943 1374 1252
3229 1627 1483 558
3230 1627 558 1084
3231 936 1707 558
3232 936 388 558
3233 943 727 1344
3234 502 558 1265
3235 1640 558 1251
3236 865 558 420
3237 1032 645 558
3238 1384 60 558
3239 1384 1512 558
3240 1384 382 558
3241 1384 1173 558
3242 1384 84 558
3243 1384 1543 558
3244 1384 76 558
3245 1384 245 558
3246 1384 786 558
3247 1384 1664 558
3248 1384 682 558
3249 1384 1482 558
3250 1384 271 558
3251 1384 370 558
3252 1384 552 558
3253 1384 1612 558
3254 1384 1487 558
3255 1384 784 558
3256 1384 1582 558
3257 1384 804 558
3258 1384 1311 558
3259 1384 1428 558
3260 1384 492 558
3261 1384 1204 558
3262 1384 1520 558
3263 1384 1259 558
3264 1384 342 558
3265 1384 857 558
3266 1384 712 558
3267 1384 776 558
3268 1384 157 558
3269 1384 257 558
3270 1384 1324 558
3271 1384 179 558
3272 1384 131 558
3273 1384 4 558
3274 1384 1396 558
3275 1384 167 558
3276 1384 1168 558
3277 1384 1721 558
3278 1384 1086 558
3279 1384 1074 558
3280 1384 487 558
3281 1384 579 558
3282 1384 1239 558
3283 1384 1524 558
3284 1384 0 558
3285 1384 1478 558
3286 1384 1210 558
3287 1384 461 558
3288 1384 660 558
3289 1384 1557 558
3290 1384 259 558
3291 1384 791 558
3292 1384 352 558
3293 1384 750 558
3294 1384 932 558
3295 1384 446 558
3296 1384 528 558
3297 1384 1430 558
3298 1384 1292 558
3299 1384 1114 558
3300 1384 1226 558
3301 1384 1569 558
3302 1384 1665 558
3303 1384 1050 558
3304 1384 1419 558
3305 1384 1385 558
3306 1384 1164 558
3307 1384 1006 558
3308 943 1712 45
3309 1561 558 871
3310 1210 726 558
3311 1210 558 256
3312 1463 558 1076
3313 1463 657 147
3314 183 558 1711
3315 257 558 1455
3316 943 64 564
3317 943 659 429
3318 1213 1209 558
3319 228 558 48
3320 1224 558 186
3321 495 558 1414
3322 1277 558 1441
3323 1277 657 41
3324 248 558 781
3325 248 558 781
3326 134 930 558
3327 134 467 558
3328 943 449 67
3329 811 1080 558
3330 811 1205 100
3331 943 991 657
3332 809 558 1641
3333 609 1192 1547
3334 609 1209 1264
3335 1412 558 384
3336 1349 62 558
3337 710 1338 720
3338 1464 558 1109
3339 710 227 703
3340 943 166 657
3341 943 548 181
3342 710 1095 1306
3343 710 558 43
3344 710 558 839
3345 1049 558 507
3346 338 558 954
3347 549 1001 1522
3348 615 981 558
3349 598 1260 558
3350 310 558 328
3351 1539 494 558
3352 943 13 657
3353 943 657 1299
3354 180 501 558
3355 1102 976 558
3356 1048 239 192
3357 184 558 1531
3358 943 1199 1485
3359 943 824 56
3360 943 886 558
3361 639 524 1307
3362 639 577 28
3363 639 738 364
3364 639 463 1513
3365 1630 1094 558
3366 264 558 1712
3367 461 261 558
3368 461 726 558
3369 879 380 1077
3370 1713 238 558
3371 1628 623 1354
3372 907 558 713
3373 414 1022 1282
3374 414 413 1139
3375 414 1359 684
3376 414 1242 655
3377 414 622 1630
3378 414 1437 900
3379 414 121 377
3380 248 558 1185
3381 1108 558 744
3382 1271 140 558
3383 159 558 312
3384 129 1637 1287
3385 499 558 1659
3386 499 558 743
3387 950 252 558
3388 1029 558 618
3389 943 1341 695
3390 475 1237 657
3391 874 1435 1001
3392 642 1340 558
3393 642 1340 558
3394 642 1340 558
3395 642 1340 558
3396 1002 152 558
3397 572 558 1407
3398 943 1078 334
3399 1479 451 657
3400 1479 451 657
3401 1479 451 657
3402 1479 657 451
3403 1479 451 657
3404 1648 558 1521
3405 323 14 558
3406 355 558 593
3407 355 657 1700
3408 392 814 558
3409 392 557 558
3410 794 82 558
3411 794 82 558
3412 794 558 82
3413 794 558 82
3414 794 82 558
3415 794 82 558
3416 794 82 558
3417 943 1155 1436
3418 943 696 610
3419 1146 811 558
3420 248 1440 558
3421 841 558 936
3422 63 1501 558
3423 63 23 558
3424 1247 801 558
3425 43 1230 558
3426 122 570 558
3427 649 1313 558
3428 649 640 558
3429 1332 452 558
3430 1332 1691 558
3431 934 1196 558
3432 943 558 1585
3433 1270 558 1518
3434 1270 898 657
3435 1188 432 558
3436 1188 432 558
3437 906 558 714
3438 906 558 214
3439 1017 558 578
3440 1338 462 558
3441 1382 1350 558
3442 7 657 1591
3443 7 657 1591
3444 7 657 1591
3445 680 558 1526
3446 943 629 760
3447 967 558 1427
3448 1001 852 558
3449 1001 852 558
3450 138 211 558
3451 138 211 558
3452 138 211 558
3453 138 211 558
3454 943 1649 1027
3455 926 558 187
3456 638 1118 604
3457 1358 396 558
3458 634 657 435
3459 634 657 435
3460 634 657 435
3461 634 657 435
3462 634 435 657
3463 1542 1099 1568
3464 1253 1184 1498
3465 1253 903 558
3466 827 558 1471
3467 386 392 558
3468 386 1704 558
3469 943 700 1565
3470 329 1166 558
3471 329 1704 558
3472 492 1107 558
3473 1072 1005 558
3474 1072 558 1005
3475 1072 1005 558
3476 1072 558 1005
3477 1072 1005 558
3478 1072 558 1005
3479 1072 1005 558
3480 1072 558 1005
3481 1571 486 547
3482 1571 817 558
3483 826 230 657
3484 218 558 1716
3485 943 1594 688
3486 1395 558 67
3487 1395 67 558
3488 215 941 1111
3489 59 155 250
3490 1504 558 669
3491 6 558 282
3492 6 874 657
3493 145 1280 1037
3494 43 35 558
3495 991 558 583
3496 448 730 558
3497 678 558 1567
3498 943 361 1319
3499 943 758 93
3500 951 1152 558
3501 951 642 657
3502 943 1287 657
3503 943 1190 752
3504 943 892 657
3505 1258 1130 558
3506 1619 558 586
3507 923 356 558
3508 923 1334 558
3509 923 810 558
